city,max_temp,lat,humidity,wind_speed,cloudiness
Vila Franca do Campo,55.4,37.72,87,2.24,20
Hithadhoo,82.78,-0.6,100,10.2,92
Balassagyarmat,32.0,48.08,89,2.93,90
Sao Joao da Barra,77.69,-21.64,100,10.98,0
Constitucion,69.8,23.99,28,10.29,75
Dvinskoy,27.7,62.16,89,5.5,80
Geraldton,-2.21,49.72,70,3.36,75
Busselton,60.91,-33.64,100,2.93,8
Georgetown,77.0,6.8,88,6.93,40
Hobart,77.0,-42.88,44,3.36,0
Yellowknife,5.0,62.45,84,2.24,75
Dingle,78.55,11.0,86,13.22,48
Weiser,30.02,44.25,65,2.37,90
Kapaa,82.04,22.08,52,14.99,20
Punta Arenas,55.4,-53.16,54,42.5,20
Carnarvon,59.92,-30.97,28,12.44,92
Warwick,35.96,41.7,58,8.05,75
Presidencia Roque Saenz Pena,65.59,-26.79,76,10.87,100
Butaritari,81.52,3.07,100,11.1,76
Rikitea,79.45,-23.12,100,12.1,0
New Norfolk,77.0,-42.78,44,3.36,0
Iqaluit,-0.41,63.75,77,2.15,75
Ushuaia,51.8,-54.81,59,38.03,20
Port Alfred,69.01,-33.59,94,21.61,88
Port Elizabeth,39.92,39.31,56,4.7,90
Hasaki,51.8,35.73,93,3.36,75
Mataura,69.77,-46.19,49,9.86,24
Lorengau,85.03,-2.02,97,5.17,8
Sabha,50.6,27.03,83,2.93,68
Atuona,81.47,-9.8,99,19.6,36
Cape Town,64.4,-33.93,82,12.75,75
Oyonnax,46.4,46.26,93,3.04,90
Bambanglipuro,76.52,-7.95,100,3.71,56
Muros,51.8,42.77,93,8.05,90
Hermanus,59.02,-34.42,82,8.75,92
Port Blair,84.85,11.67,96,10.42,20
Laguna,71.6,27.52,56,4.7,75
Khorol,29.9,49.78,93,13.78,92
Kaitangata,67.21,-46.28,60,9.64,24
Bredasdorp,62.6,-34.53,88,2.24,92
Vaini,66.2,15.34,100,2.48,20
Prince Albert,15.8,53.2,78,6.93,75
Neuquen,69.8,-38.95,52,2.24,0
Klaksvik,46.4,62.23,87,9.17,44
Praia da Vitoria,59.0,38.73,93,11.99,20
Sorong,83.77,-0.86,100,3.27,24
Ponta do Sol,66.49,-20.63,93,4.16,44
Savelugu,73.42,9.63,29,8.3,0
Clyde River,-14.81,70.47,83,4.7,40
Longyearbyen,28.4,78.22,86,19.46,75
Paime,69.77,5.37,83,1.7,64
Pevek,-2.91,69.7,100,5.5,48
Torbay,26.6,47.66,92,32.21,90
Leh,-18.25,34.16,63,1.14,36
Lebu,55.4,8.96,71,9.17,20
Esperance,77.0,10.24,83,6.17,20
Gravelbourg,-3.81,49.88,60,4.38,0
Cherskiy,-32.38,68.75,57,3.49,24
Albany,35.06,42.65,53,8.05,75
Okhotsk,26.62,59.36,76,25.19,80
Tuktoyaktuk,12.2,69.44,92,13.87,90
Skibbereen,53.6,51.55,100,25.28,75
Honiara,83.95,-9.43,82,2.71,24
Ossora,28.51,59.24,92,19.71,88
Nome,59.0,30.04,85,11.41,90
Sanmenxia,19.6,34.77,73,2.37,76
Faanui,81.29,-16.48,100,11.43,44
Elk River,15.98,45.3,55,4.7,1
Bluff,80.12,-23.58,53,16.58,36
Challapata,42.73,-18.9,30,4.16,0
Lompoc,59.0,34.64,90,6.17,90
Grindavik,41.0,63.84,86,25.28,90
Palafrugell,46.4,41.92,100,4.61,90
Arraial do Cabo,74.05,-22.97,93,6.06,0
Belyy Yar,-23.81,53.6,74,2.93,20
Vostok,-12.58,46.45,56,5.73,24
Itupiranga,77.0,-5.13,88,4.7,0
Tigil,20.45,57.8,89,3.94,88
Puqi,39.31,29.72,100,16.46,92
Sujiatun,-5.81,45.81,63,8.95,0
Mwinilunga,63.65,-11.73,95,2.15,12
Pangnirtung,-3.81,66.15,76,6.06,44
Morehead,39.2,38.18,55,8.05,90
Kimbe,85.03,-5.56,96,5.73,68
Bilma,53.17,18.69,54,2.93,64
Grand Gaube,71.6,-20.01,88,3.36,20
Norman Wells,10.4,65.28,85,4.7,90
Namatanai,85.97,-3.66,95,4.05,64
Jamestown,90.74,-33.21,21,17.81,64
Kologriv,24.46,58.83,94,3.04,92
Ouadda,61.94,8.07,49,6.51,0
Dandong,2.14,40.12,60,5.73,0
Morant Bay,82.4,17.88,58,13.87,20
Kovdor,23.15,67.56,93,6.73,24
Talnakh,-12.63,69.49,60,6.06,8
Nata,51.8,34.78,93,9.17,40
Flinders,77.0,-34.58,36,13.87,0
Upernavik,23.74,72.79,100,5.84,76
Yar-Sale,16.94,66.83,92,6.96,76
Puerto Ayora,77.0,-0.74,61,14.99,20
Qaanaaq,8.26,77.48,99,3.38,80
Pisco,68.0,-13.71,82,17.22,0
Murmashi,24.8,68.82,85,4.47,0
Touros,80.6,-5.2,83,9.17,40
Umm Lajj,64.87,25.02,100,2.59,100
Preobrazheniye,-1.6,42.9,56,7.4,20
Avarua,84.2,-21.21,58,11.41,40
Oranjestad,80.6,12.52,78,13.87,20
Salta,59.0,-24.79,82,6.93,90
Kodiak,24.08,39.95,62,4.7,1
Ancud,69.8,-41.87,49,11.41,0
Vardo,41.0,39.62,44,12.75,90
Nikolskoye,33.8,59.7,95,6.71,90
Ribeira Grande,65.68,38.52,96,11.1,80
Mocuba,74.23,-16.84,85,3.38,0
Inyonga,64.06,-6.72,91,2.37,64
Saldanha,36.79,41.42,94,2.71,76
Karla,35.6,59.37,100,11.41,90
Marsala,59.0,37.8,87,2.24,40
Bethel,35.06,60.79,100,11.41,90
La Asuncion,47.5,-1.64,100,1.48,92
Dolores,62.08,-33.53,52,12.33,0
Victoria,82.4,5.28,88,2.24,75
Yeppoon,78.8,-23.13,57,20.8,75
Port Macquarie,75.2,-31.43,50,17.22,40
Mayskiy,44.6,43.63,93,2.24,90
East London,71.71,-33.02,100,25.86,92
Sibu,77.0,2.29,94,3.71,75
Mahebourg,71.6,-20.41,88,3.36,20
Provideniya,12.2,64.42,78,29.08,90
Hilo,80.96,19.71,54,10.29,1
Biak,83.68,-0.91,88,2.37,12
San Juan de Uraba,83.32,8.76,100,9.08,8
Beeville,72.68,28.4,71,9.17,90
Khatanga,-3.36,71.98,77,12.1,80
Mabaruma,77.74,8.2,85,6.17,12
Kaoma,65.09,-14.8,89,2.93,8
Baghdad,51.8,33.3,100,4.7,92
Gotsu,48.2,35.01,70,13.87,75
Palmer,89.6,-34.85,17,16.11,0
Goundam,65.99,16.42,38,10.65,0
Chabahar,73.24,25.29,100,4.83,0
Lincoln,55.4,53.23,93,13.87,92
Leshukonskoye,28.87,64.9,79,8.19,80
Luderitz,56.86,-26.65,94,3.49,24
Agdam,40.07,39.99,94,1.59,92
Kieta,84.58,-6.22,95,4.61,12
Ixtapa,82.4,20.71,78,6.93,5
Henties Bay,59.38,-22.12,100,5.73,92
Husavik,-10.96,50.56,72,8.75,32
Adamovka,1.37,51.52,69,6.85,0
Souillac,53.6,45.6,93,10.29,90
Inuvik,15.8,68.36,85,4.7,75
Harlingen,77.0,26.19,68,14.99,90
Tagusao,81.79,9.19,90,8.08,24
Sebrovo,13.39,50.1,81,3.15,64
Airai,80.89,-8.93,64,1.7,0
San Quintin,71.39,17.54,87,3.6,0
Seguela,70.99,7.96,72,2.71,0
Tamandare,73.42,-8.28,97,2.37,32
Lasa,51.8,34.92,93,9.17,40
Kaeo,69.59,-35.1,45,12.44,0
Cayenne,75.2,4.94,100,2.24,92
Saskylakh,-0.3,71.97,77,8.08,80
Talas,39.2,38.69,93,4.7,75
Severnoye,14.65,54.09,82,9.31,76
Wajima,48.2,37.4,70,18.34,75
Cockburn Town,80.71,21.46,100,13.67,80
Rock Sound,76.07,24.9,100,18.37,0
Port Lincoln,71.8,-34.72,73,7.18,80
Porto Walter,76.84,-8.27,92,1.7,36
Noumea,77.0,-22.28,83,11.41,90
Mar del Plata,75.44,-46.43,35,5.39,8
Zhangjiakou,-11.5,40.77,34,12.66,0
Namibe,72.29,-15.19,100,2.59,0
Vila Velha,80.6,-3.71,83,4.7,20
Saint-Georges,24.1,46.12,86,4.94,76
Yulara,95.0,-25.24,13,10.29,0
Kirakira,84.62,-10.46,100,8.19,0
Mama,77.0,20.48,73,9.17,5
Salinopolis,78.91,-0.61,100,3.38,80
Ostrovnoy,23.92,68.05,90,17.92,12
Katsuura,57.2,33.93,81,6.93,75
Xining,5.47,36.62,61,4.05,8
Baykit,-28.65,61.68,44,2.71,68
Bolbec,53.6,49.57,87,13.87,90
Saint-Philippe,32.0,45.36,92,6.93,90
Garchitorena,78.1,13.88,100,10.2,88
Baruun-Urt,-27.21,46.68,38,9.42,0
Santiago de Cuba,81.5,20.03,78,6.93,40
Victoria,82.4,5.28,88,2.24,75
Cervo,65.68,-22.19,82,4.61,0
Srivardhan,67.66,18.03,94,3.27,8
Alta Floresta,75.8,-9.87,87,1.81,80
Nebolchi,29.9,59.12,93,4.94,88
Kavaratti,83.09,10.57,100,8.63,32
Quelimane,78.8,-17.88,94,8.41,0
Langsa,70.72,4.47,96,0.92,88
Nicoya,78.8,10.15,69,9.17,40
Stawell,86.47,-37.06,32,15.23,48
Saint-Francois,51.8,46.42,87,6.93,90
Nuuk,26.6,64.17,100,14.99,90
Phillipsburg,24.98,39.76,84,5.82,1
Kyren,-44.31,51.68,0,1.92,0
Padang,78.28,-0.92,100,5.39,76
Severo-Kurilsk,30.67,50.68,100,9.53,64
Plavsk,27.74,53.71,97,10.2,92
Podstepki,19.4,53.52,73,11.18,40
Mollendo,60.1,-17.03,78,3.04,20
Illapel,62.44,-31.63,80,2.93,0
Maningrida,92.27,-12.05,67,2.04,0
Terrace,26.6,54.52,63,17.22,90
Bukachacha,-27.57,52.99,40,4.83,0
Dikson,5.38,73.51,100,19.82,76
San Patricio,73.24,-26.98,54,8.41,48
Pontianak,77.0,-0.02,94,4.7,40
Alice Springs,95.0,-23.7,20,12.75,0
Horsham,90.2,-36.71,34,19.82,32
Kenai,33.98,60.55,96,5.82,90
Coahuayana,71.57,18.62,72,2.37,44
Poum,12.31,41.28,77,1.92,0
Bayir,44.6,37.27,67,2.24,20
Avera,46.04,33.19,93,3.15,1
Sechura,73.15,-5.56,70,14.34,0
ChengDe,-3.72,40.97,37,5.5,0
Jiuquan,-28.83,39.73,36,2.04,0
Valparaiso,28.4,41.47,73,5.82,1
Eyl,77.92,7.98,99,10.2,92
Tasiilaq,17.6,65.61,67,4.7,0
Moerai,75.13,-22.43,100,9.31,80
Maryborough,70.36,-25.54,80,6.62,88
Ushtobe,-0.48,45.25,52,1.48,0
Cidreira,63.97,-30.17,83,10.2,44
Sarbogard,30.85,46.89,92,7.63,64
Elko,33.08,40.83,63,5.82,1
Quatre Cocos,71.6,-20.21,88,3.36,20
Chalinze,76.52,-6.64,91,2.82,80
Andra,12.22,62.52,87,5.61,0
Porto Novo,68.0,-23.68,82,12.75,75
Chokurdakh,-31.75,70.62,56,2.93,24
North Bend,53.96,43.41,66,3.36,1
Colomi,54.02,-17.34,68,1.59,76
Mount Isa,89.6,-20.73,38,9.17,0
Chicama,68.0,-7.84,88,6.93,40
Tandalti,62.62,13.01,25,11.65,0
Vanavara,-32.43,60.35,56,3.94,44
Tuntum,76.03,-5.26,86,2.48,92
Lagoa,53.6,37.14,87,3.36,0
Codrington,71.6,-28.95,64,19.46,68
Castro,69.8,-42.48,49,11.41,0
Monroe,30.2,41.91,79,6.93,75
Wilmington,39.92,39.75,59,3.36,40
Mayumba,77.92,-3.44,100,1.7,92
Bambous Virieux,71.6,-20.34,88,3.36,20
Kamenka,14.38,53.19,88,3.49,80
Maues,72.7,-3.38,100,4.38,32
Impfondo,69.64,1.62,96,2.15,0
Grenada,50.0,33.77,62,2.37,90
Derzhavinsk,0.34,51.1,73,6.4,0
Lovington,41.0,32.94,56,8.05,75
Thompson,1.4,55.74,84,4.7,90
Atasu,-1.33,48.68,44,9.86,0
Dalianwan,19.4,39.03,62,11.18,75
Ulladulla,77.0,-35.36,36,13.87,0
Visnes,46.4,59.36,93,10.29,92
Skive,50.0,56.57,93,10.29,92
Buala,85.93,-8.15,87,4.94,44
General Pico,64.64,-35.66,42,5.28,12
Takoradi,82.69,4.89,100,9.42,36
Barrow,52.63,-38.31,52,7.63,0
Oromocto,19.4,45.85,73,4.7,90
Saint George,35.6,39.45,80,3.15,20
LOS ALGARROBOS,89.6,-3.25,73,8.05,75
Nanortalik,37.4,60.14,74,3.36,88
Manggar,80.44,-2.88,100,3.71,24
Manyana,77.0,-35.26,36,13.87,0
Calella,50.0,41.62,100,5.5,90
San Cristobal,57.2,-0.39,82,3.36,75
Axim,84.31,4.87,97,12.21,36
Antofagasta,64.4,-23.65,72,10.29,20
Kisangani,75.8,0.52,84,1.36,92
Dubrovnik,46.4,42.65,24,10.29,0
Coquimbo,60.8,-29.95,87,9.17,20
Birao,65.14,10.3,34,8.97,0
Pandan,82.24,11.72,97,22.73,24
Ballina,53.39,54.11,94,28.1,88
Chuy,60.73,-33.69,77,17.58,64
Pamanukan,81.34,-6.28,100,2.59,24
Russkaya Polyana,0.29,53.78,75,4.38,80
Salisbury,55.4,51.07,100,17.22,92
Benidorm,48.2,38.54,93,1.12,0
Katherine,89.6,-14.47,66,10.29,0
Baker City,23.0,44.77,71,8.05,1
Tautira,84.2,-17.73,70,19.46,75
Key West,7.34,47.93,84,9.17,1
Sola,30.2,62.78,80,6.93,90
Mugur-Aksy,-42.15,50.38,0,2.15,0
Beaverlodge,5.0,55.21,84,5.82,20
Tupaciguara,71.6,-18.59,78,13.87,20
Wajir,69.95,1.75,94,2.71,0
Mushie,75.76,-3.02,93,2.59,20
Los Llanos de Aridane,69.8,28.66,40,10.29,68
Narsaq,37.4,60.91,74,3.36,88
Fortuna,48.2,38.18,93,1.12,0
Veraval,53.6,49.65,87,13.87,90
Pizarro,77.83,4.95,98,2.71,76
Camalu,54.74,30.85,100,6.73,92
Tsurib,6.01,42.24,60,1.7,8
Tiksi,-29.28,71.64,47,2.71,36
Villa Carlos Paz,68.0,-31.42,68,3.36,0
Amudat,60.1,1.95,84,3.15,0
Srednekolymsk,-35.49,67.46,68,2.37,24
Poya,77.47,-21.35,100,18.03,92
Clonakilty,53.6,51.62,100,25.28,75
Coihaique,71.6,-45.58,49,4.7,0
Salalah,73.4,17.01,73,4.7,20
Sitka,30.35,37.17,51,10.76,48
Aasiaat,25.49,68.71,100,5.61,80
Oyama,50.0,36.31,93,3.36,75
Tuatapere,63.97,-46.13,71,12.66,32
Menzelinsk,21.2,55.73,48,13.42,0
Barkly West,68.0,-28.54,20,8.05,0
Erzin,55.4,36.95,100,4.7,75
Najran,66.2,17.54,37,4.38,0
Nantucket,39.02,41.28,59,10.29,1
Ilulissat,24.8,69.22,49,10.29,64
Manono,70.54,-7.3,92,2.15,20
Yen Bai,65.23,21.7,100,4.61,92
Plouzane,53.6,48.38,100,21.92,90
Anqing,36.52,30.51,100,18.59,92
Hervey Bay,77.0,-25.3,65,20.8,40
Chimore,75.35,-16.98,88,4.38,88
Hirara,73.4,24.8,88,16.11,75
Malinyi,72.47,-8.94,83,1.48,20
Charters Towers,73.15,-20.07,96,13.22,64
Wangqing,-2.23,43.31,46,7.18,0
Guerrero Negro,69.77,27.97,63,6.96,0
Ucluelet,37.4,48.94,74,2.15,75
Acworth,44.96,34.07,55,1.7,40
Monrovia,77.0,6.33,94,6.17,75
Chapais,12.2,49.78,78,11.41,90
San Jeronimo,47.14,-13.65,83,1.59,48
Camacha,64.4,33.08,82,9.17,20
Goderich,31.75,43.74,95,17.58,88
Sao Jose da Coroa Grande,76.48,-8.9,94,4.94,36
Mao,75.2,19.55,88,5.82,20
Mitu,34.85,36.2,100,2.37,92
Mount Gambier,84.2,-37.83,32,10.29,76
Poretskoye,13.52,55.2,87,5.39,80
Benjamin Aceval,75.2,-24.97,60,17.22,90
Sulya,67.48,12.56,100,1.92,36
Ampanihy,72.2,-24.69,77,9.19,8
Acapulco,84.2,16.86,74,3.36,20
Batagay-Alyta,-42.78,67.8,0,2.71,20
Waipawa,57.22,-39.94,66,13.0,64
Southbridge,33.08,42.08,66,8.05,1
Aklavik,15.8,68.22,84,3.36,75
Astara,50.0,38.42,100,2.24,90
Skelleftea,14.0,64.75,92,3.36,0
Ambilobe,69.5,-13.19,91,4.94,12
Aberdare,53.6,51.71,93,5.82,92
Jalu,48.22,29.03,87,4.16,0
Turbat,47.68,26.0,78,1.81,0
Greenwood,46.58,32.03,62,9.17,92
Kahului,84.02,20.89,54,24.16,20
Pangai,84.2,-19.8,83,13.87,75
Imeni Poliny Osipenko,-28.6,52.42,45,2.71,44
Utica,30.92,43.1,100,4.7,90
Berezovyy,-30.99,51.67,50,2.59,24
Canon City,21.49,39.46,88,3.15,32
Buin,73.4,-33.73,43,4.7,40
Llanes,32.02,43.42,88,1.92,0
Kununurra,93.2,-15.77,63,4.7,0
Kloulklubed,80.6,7.04,88,9.17,75
Vitim,-20.55,59.44,58,7.96,68
Gawler,91.4,-34.6,18,16.11,0
Sur,72.25,22.57,100,5.73,0
Gorontalo,78.82,0.54,92,1.92,20
Bud,39.2,62.91,100,6.93,56
Pombas,70.45,-15.9,99,3.94,64
Vanderhoof,10.42,54.02,91,2.04,12
Kaduqli,64.96,11.01,28,9.19,0
Yaan,72.97,7.38,43,6.62,0
Broome,55.58,52.47,93,11.41,92
Cabedelo,78.8,-6.97,83,4.7,0
Champerico,77.0,16.38,69,18.34,40
Mehamn,35.53,71.03,100,20.83,88
Kjollefjord,35.53,70.95,100,20.83,88
Petropavlovsk-Kamchatskiy,12.2,53.05,61,6.71,40
Winnemucca,26.96,40.97,81,5.82,1
Maku,25.18,39.29,96,2.59,48
Komsomolskiy,22.34,67.55,91,14.23,88
Brokopondo,73.4,5.06,94,2.24,75
Horodnytsya,10.51,50.81,66,2.93,8
Kalisz,38.86,51.76,94,12.21,92
Anadyr,-22.01,64.73,67,17.9,0
Fuyang,29.27,32.89,65,10.54,92
Simao,53.12,22.76,94,2.04,92
Nabire,78.1,-3.36,84,1.59,12
Rawson,69.05,-43.3,36,1.92,0
Fare,79.99,-16.7,100,11.21,92
Hamilton,64.4,32.3,55,8.05,90
Prince Rupert,33.8,54.32,86,3.36,1
Ust-Omchug,-9.21,61.13,76,4.72,80
Pointe Michel,71.6,15.25,94,3.36,40
College,24.08,64.86,89,1.14,90
Buriti dos Lopes,75.22,-3.18,96,4.5,44
Aqtobe,15.8,50.28,61,4.47,0
Umm Kaddadah,55.64,13.6,39,10.2,0
Richards Bay,81.02,-28.77,61,12.55,0
Adilabad,65.86,19.68,81,2.59,68
Durban,53.6,43.54,93,4.7,0
Maceio,77.0,-9.67,83,5.82,75
Jacareacanga,76.7,-6.22,94,1.92,36
Deputatskiy,-29.95,69.3,47,4.38,44
San Jose,76.84,15.79,80,3.04,12
Ninghai,44.6,29.29,87,11.18,75
Boa Vista,84.2,2.82,54,6.93,20
Doha,73.4,25.29,83,5.82,0
Jadu,39.89,31.95,76,6.62,0
Launceston,84.2,-41.43,39,18.34,0
Black River,80.6,18.03,78,12.75,20
Isangel,78.8,-19.55,88,8.05,90
Sunel,52.94,24.37,67,6.06,0
Aljezur,58.21,37.31,100,13.67,0
Salym,12.17,60.06,88,4.61,64
Menongue,64.78,-14.66,90,3.27,32
Aksu,-2.21,52.04,70,8.95,0
Borogontsy,-33.1,62.67,58,2.82,44
Half Moon Bay,64.04,37.46,71,9.17,1
Puerto del Rosario,71.6,28.5,82,6.93,36
Turukhansk,-10.06,65.8,71,13.67,76
Bayanday,-30.09,53.07,46,3.38,24
Ambulu,79.22,-8.35,100,2.93,20
La Ronge,15.8,55.1,85,6.93,90
Novo Aripuana,78.91,-5.12,88,3.04,12
Broken Hill,93.2,-31.97,15,16.11,0
Huarmey,65.41,-10.07,69,3.94,32
Omboue,78.82,-1.57,100,7.74,88
Baillif,75.2,16.02,94,6.93,75
Ponta Delgada,55.4,37.73,87,2.24,20
Dong Xoai,75.17,11.53,93,1.81,12
Macenta,67.7,8.55,76,2.15,0
Pimentel,75.89,-3.7,86,3.83,76
Arlit,54.61,18.74,45,3.49,0
Camacupa,62.98,-12.02,95,3.38,20
Fort Nelson,-0.41,58.81,84,2.24,20
Khoy,34.81,38.55,96,2.93,92
Vanimo,82.96,-2.67,100,5.39,36
La Crosse,21.02,43.8,78,8.05,90
Hovd,32.0,63.83,85,13.87,0
Guider,64.1,9.93,49,6.73,0
Seybaplaya,77.0,19.65,83,9.19,40
The Valley,78.8,18.22,78,10.29,20
Ayagoz,-12.63,47.96,37,5.61,0
Onguday,-12.9,50.75,52,2.93,36
Fez,50.0,34.03,76,8.05,0
Hermon,53.6,51.96,100,28.86,100
Lulea,8.6,65.58,84,6.85,0
Beira,53.6,43.2,87,9.17,75
Naze,74.59,5.43,73,7.96,0
Kuching,77.0,1.56,94,2.24,75
Alyangula,91.4,-13.85,66,2.24,40
Rani,49.79,26.42,83,3.38,0
Matagami,63.16,9.67,41,7.18,0
Marathon,7.72,48.72,100,9.08,0
Yumen,-17.26,40.29,63,5.73,20
Qaqortoq,37.4,60.72,74,3.36,92
Lerwick,48.2,60.15,93,14.99,64
Grand Bend,28.4,43.31,86,12.75,75
Cabo San Lucas,78.8,22.89,50,5.82,75
Puerto Narino,77.0,-3.77,100,2.24,75
Egvekinot,-4.3,66.32,76,12.77,32
Machiques,72.16,10.06,66,6.06,48
Bosaso,75.22,11.28,100,3.15,88
Uusikaupunki,30.2,60.8,92,6.93,68
Zhigansk,-42.01,66.77,98,4.61,36
Labuhan,78.46,-2.54,88,2.37,8
Meulaboh,76.79,4.14,100,5.39,68
Gouyave,77.0,12.16,78,11.41,75
Yuzhou,28.4,34.16,42,6.71,0
Neijiang,41.87,29.59,98,8.19,92
Nishihara,55.4,35.74,82,2.24,75
Qianan,-9.03,44.99,84,9.31,8
Hay River,6.8,60.82,84,6.93,40
Hofn,40.84,64.25,100,9.98,92
High Level,9.07,58.52,89,4.83,0
Oranjemund,61.54,-28.55,97,3.38,88
Keuruu,28.4,62.26,100,5.82,90
Gigmoto,80.39,13.78,100,14.45,80
Walvis Bay,60.8,-22.95,82,2.24,20
Pangkalanbuun,76.39,-2.68,97,4.16,36
Lebedinyy,-25.36,58.52,36,4.38,56
Bontang,76.79,0.12,100,2.15,92
Olinda,78.8,-2.03,65,14.99,40
Fort-Shevchenko,40.75,44.51,100,8.19,80
Yermakovskoye,-36.48,53.28,70,1.92,8
Catalina,82.4,8.86,78,8.05,0
Huntington,41.0,38.42,50,5.82,75
Saint-Pierre,53.6,48.95,93,17.22,75
Denpasar,82.4,-8.65,94,3.36,40
Sosnogorsk,27.52,63.59,86,7.18,88
Springbok,54.07,-29.67,72,3.38,76
Boyuibe,63.43,-20.43,97,20.6,92
Argalasti,35.6,39.23,74,5.82,20
Macae,77.0,-22.37,78,2.24,90
Sironj,52.9,24.1,64,5.06,0
Sinnamary,77.02,5.38,100,9.86,92
El Alto,50.0,-16.5,57,5.82,40
Boa Esperanca,78.01,-1.91,86,4.5,80
Mezen,29.68,65.85,73,9.75,88
Merke,1.6,42.87,69,2.04,0
Ibotirama,69.5,-12.18,96,2.71,100
Rocha,55.42,-34.48,67,11.77,12
Pyinmana,70.54,19.74,80,1.7,88
Thinadhoo,83.0,0.53,100,9.86,68
Hokitika,62.84,-42.72,85,6.29,0
Plattsburgh,33.08,44.69,79,5.82,90
Maniitsoq,29.72,65.42,86,11.99,92
Quechultenango,69.05,17.41,60,0.81,88
Buchanan,77.0,5.88,94,7.18,40
Aden,78.1,12.79,100,7.74,24
Kiisa,35.6,59.24,100,11.41,90
Popondetta,80.35,-8.77,76,1.92,12
Chernenko,31.57,47.23,97,3.38,92
Ila,32.0,63.43,85,13.87,0
Holme,53.6,53.7,87,6.93,75
Evensk,12.89,61.92,100,24.85,48
Kavieng,86.65,-2.57,97,5.06,0
Corn Island,83.72,12.17,95,21.5,76
Kasganj,51.73,27.81,82,2.93,0
Ugoofaaru,81.2,5.67,100,6.62,48
Malaryta,27.88,51.79,94,12.33,88
Tommot,-25.77,58.97,37,5.17,64
Ahipara,67.7,-35.17,67,12.21,12
Ibiruba,61.4,-28.63,63,7.4,8
Pag,46.37,44.45,100,6.06,0
Athabasca,5.38,54.72,63,3.15,0
Cap Malheureux,71.6,-19.98,88,3.36,20
Port Moresby,91.4,-9.47,52,11.41,40
Tamale,73.42,9.4,29,8.3,0
Carauari,79.18,-4.88,86,3.15,20
Tabas,50.0,33.6,39,2.24,80
Yola,61.9,9.26,76,1.92,0
Suluq,50.6,31.67,83,5.39,44
Wamba,67.34,2.14,80,3.15,8
Trincomalee,75.85,8.58,96,3.27,88
Samarai,84.44,-10.62,100,6.51,8
Isla Vista,59.0,34.41,93,5.82,90
Hambantota,77.92,6.12,100,3.94,76
Cravo Norte,88.0,6.3,40,8.75,32
Whitianga,63.07,-36.83,100,9.64,0
Lisakovsk,-2.64,52.55,49,5.5,0
Kuznechnoye,28.15,61.12,91,5.17,48
Neiafu,86.0,-18.65,66,12.75,40
Mozarlandia,76.57,-14.74,91,5.95,44
Agapovka,-0.41,53.3,84,4.47,0
Burla,-13.3,53.34,63,3.15,32
Portland,44.06,45.52,48,23.04,40
Seydi,64.33,13.34,29,10.09,0
Rio Gallegos,64.4,-51.62,48,34.45,20
Dunedin,65.77,-45.87,68,2.37,32
Emba,51.8,34.81,93,9.17,40
Rajnagar,53.89,24.52,84,3.49,8
Papara,80.6,-3.98,83,4.7,20
Mangrol,53.6,25.33,66,1.12,0
Coruripe,79.45,-10.12,99,11.21,8
